10,252
10,126
10,220
10,206
10,228
10,22
10,294
10,24
11,13
11,30
11,16
11,4
11,12
11,14
11,22
8,5
8,7
8,6
85,4
85,3
85,2
85,1
85,0
84,4
84,3
84,2
84,1
84,0
81,5
81,4
81,3
81,2
81,1
81,0
78,6
78,5
78,4
78,3
78,2
78,1
78,0
76,6
76,5
76,4
76,3
76,2
76,1
76,0
72,4
72,3
72,2
72,1
72,0
71,6
71,5
71,4
71,3
71,2
71,1
71,0
69,5
69,4
69,3
69,2
69,1
69,0
67,4
67,3
67,2
67,1
67,0
65,4
65,1
65,3
20,3
20,2
20,1
19,3
19,2
19,1
12,3
12,2
12,1
11,18
11,15
11,10
11,9
11,7
11,6
11,5
11,3
11,2
11,1
10,314
10,302
10,296
18,1
10,290
10,270
18,3
10,162
10,132
10,78
10,3
10,2
14,1
10,1
9,7
9,6
9,4
9,3
14,3
13,1
9,2
9,1
